4294967294,1012
4294967294,1008
4294967294,190
4294967294,176
4294967294,162
4294967278,118
4294967278,117
4294967278,102
4294967278,96
4294967278,93
4294967278,77
4294967278,72
4294967278,356
4294967279,529
4294967279,556
4294967279,551
4294967278,362
1696,6
1696,5
1696,4
1696,3
1696,2
1696,1
4294967278,223
4294967278,414
1695,5
1695,4
1695,3
1695,2
1695,1
1694,6
1694,5
1694,4
1694,3
1694,2
1694,1
1691,4
1691,3
1691,2
1691,1
4294967279,552
1690,7
4294967294,1002
1690,6
1690,5
1690,4
1690,3
1690,2
1690,1
4294967279,197
1687,6
1687,5
1687,4
1687,3
1687,2
1687,1
4294967294,410
4294967294,111
4294967279,550
4294967278,447
4294967294,1423
4294967278,131
4294967278,122
4294967278,90
4294967278,415
4294967278,78
4294967278,67
4294967279,516
4294967279,293
4294967279,526
1681,5
1681,4
1681,3
1681,2
1681,1
1679,6
1679,5
1679,4
1679,3
1679,2
1679,1
1678,5
1678,4
1678,3
1678,2
1678,1
4294967279,555
1676,5
1676,4
1676,3
1676,2
1676,1
1674,4
1674,3
1674,2
1674,1
4294967294,1016
4294967294,169
4294967294,405
4294967294,468
4294967278,354
4294967278,104
4294967278,351
1673,6
1673,5
1673,4
1673,2
1673,1
1672,5
1672,4
1672,3
1672,2
1672,1
1671,6
1671,5
1671,4
1671,2
1671,1
4294967279,148
1668,4
1668,3
1668,2
1668,1
1667,7
1667,6
1667,5
1667,4
1667,2
1667,1
4294967278,127
4294967278,119
4294967278,114
4294967278,100
4294967278,81
4294967278,62
4294967294,194
4294967294,997
4294967279,553
1664,6
1664,5
1664,4
1664,3
1664,2
1664,1
4294967294,1427
4294967279,547
4294967278,391
4294967278,334
4294967278,195
4294967279,292
4294967278,73
1658,5
1658,4
1658,3
1658,2
1658,1
4294967294,1424
1656,6
1656,5
4294967278,166
1656,4
1656,3
1656,2
1656,1
4294967279,545
1655,5
1655,4
1655,3
1655,2
1655,1
4294967279,546
4294967279,152
4294967278,410
4294967278,339
1653,5
1653,4
1653,3
1653,2
1653,1
4294967278,142
4294967294,460
4294967294,397
4294967278,404
4294967278,338
1651,4
1651,3
1651,2
1651,1
4294967278,349
4294967279,543
4294967278,219
4294967278,343
4294967294,1420
4294967294,1419
4294967279,315
4294967278,342
4294967279,249
4294967278,324
1650,6
1650,5
1650,4
1650,2
1650,1
1649,5
1649,4
1649,3
1649,2
1649,1
1648,6
1648,5
1648,4
1648,2
1648,1
1645,4
1645,3
1645,2
1645,1
4294967279,535
1644,7
1644,6
1644,5
1644,4
1644,2
1644,1
4294967294,396
4294967294,108
1641,6
1641,5
1641,4
1641,3
1641,2
1641,1
4294967279,533
4294967278,273
4294967279,537
4294967294,1470
4294967294,1469
4294967278,242
4294967279,241
4294967278,352
4294967278,335
1635,5
4294967279,221
1635,4
1635,3
1635,2
1635,1
4294967294,1422
1633,6
4294967279,209
1633,5
1633,4
1633,3
1633,2
1633,1
1632,5
1632,4
1632,3
1632,2
1632,1
4294967278,333
4294967279,189
1630,5
1630,4
1630,3
1630,2
1630,1
4294967279,532
4294967294,408
4294967294,470
4294967294,1000
4294967294,1001
1628,4
1628,3
1628,2
1628,1
4294967279,530
4294967294,417
4294967294,387
4294967278,332
4294967278,128
4294967278,314
4294967278,323
4294967278,57
4294967278,56
4294967278,55
4294967278,54
4294967278,53
4294967278,52
4294967278,51
4294967278,336
4294967279,266
4294967279,307
4294967279,78
4294967279,75
4294967279,73
4294967279,69
4294967279,66
4294967279,58
4294967279,57
4294967279,55
4294967279,54
4294967279,53
4294967279,52
4294967279,50
4294967279,49
4294967279,47
4294967279,43
4294967279,402
4294967279,31
4294967279,30
4294967279,28
4294967279,260
4294967279,25
4294967279,21
4294967279,20
4294967279,521
4294967279,17
4294967279,10
4294967279,8
4294967279,7
4294967279,520
4294967294,1467
4294967279,39
1627,6
1627,5
1627,4
1627,2
1627,1
1626,5
1626,4
1626,3
1626,2
1626,1
1625,6
1625,5
1625,4
1625,2
1625,1
4294967279,309
4294967278,211
1622,4
1622,3
1622,2
1622,1
4294967294,418
4294967294,160
1621,7
4294967278,203
4294967278,201
1621,6
1621,5
1621,4
1621,2
1621,1
4294967278,188
4294967294,1468
1618,6
1618,5
1618,4
1618,3
1618,2
1618,1
4294967279,522
4294967294,1465
4294967294,1464
4294967279,414
4294967278,442
4294967278,281
1612,5
1612,4
1612,3
1612,2
1612,1
4294967279,436
1610,6
4294967279,540
1610,5
1610,4
1610,3
1610,2
1610,1
1609,5
4294967278,250
1609,4
1609,3
1609,2
1609,1
4294967279,519
4294967294,412
4294967294,110
4294967294,109
4294967294,113
1607,5
1607,4
1607,3
1607,2
1607,1
1605,4
1605,3
1605,2
1605,1
4294967279,517
4294967279,415
4294967278,445
4294967278,132
4294967278,328
4294967278,125
4294967278,109
4294967278,103
4294967278,137
4294967278,329
4294967279,48
4294967279,46
4294967279,42
4294967279,40
4294967279,22
4294967279,19
4294967279,15
4294967279,12
4294967279,5
4294967294,1460
4294967279,2
4294967294,448
1604,6
1604,5
1604,4
1604,2
1604,1
1603,5
1603,4
1603,3
1603,2
1603,1
4294967294,12
4294967294,1414
4294967294,199
1602,6
1602,5
1602,4
1602,2
1602,1
4294967279,447
1599,4
1599,3
1599,2
1599,1
4294967278,345
4294967278,446
1598,7
4294967279,446
1598,6
1598,5
1598,4
1598,2
1598,1
4294967278,236
4294967278,234
4294967279,233
4294967279,231
4294967279,445
4294967279,212
4294967278,210
4294967294,1459
1595,6
1595,5
1595,4
1595,3
1595,2
1595,1
4294967278,373
4294967278,199
4294967278,193
4294967278,444
4294967278,443
4294967279,387
4294967294,1455
4294967278,441
4294967279,173
1589,5
1589,4
1589,3
1589,2
1589,1
4294967294,406
4294967294,451
4294967294,454
4294967294,118
1587,6
1587,5
1587,4
1587,3
1587,2
1587,1
1586,5
1586,4
1586,3
1586,2
1586,1
4294967279,298
1584,5
1584,4
1584,3
1584,2
1584,1
4294967294,998
4294967294,1015
4294967278,278
1582,4
1582,3
1582,2
1582,1
4294967278,320
4294967278,327
4294967294,424
4294967294,384
4294967294,455
4294967294,453
4294967294,116
4294967278,237
4294967294,76
4294967278,116
4294967278,432
4294967279,435
4294967279,389
4294967294,11
4294967294,68
4294967294,1453
4294967294,1454
1581,6
1581,5
1581,4
1581,2
1581,1
4294967279,444
4294967278,440
4294967279,443
1580,5
1580,4
1580,3
1580,2
1580,1
4294967278,189
1579,6
1579,5
1579,4
1579,2
1579,1
4294967278,438
4294967278,184
1576,4
1576,3
1576,2
1576,1
1575,7
4294967279,165
4294967278,163
4294967278,160
1575,6
1575,5
1575,4
1575,2
1575,1
1572,6
1572,5
1572,4
1572,3
1572,2
1572,1
4294967279,442
4294967279,399
4294967279,406
4294967294,182
4294967294,461
1566,5
1566,4
1566,3
1566,2
1566,1
4294967279,210
4294967279,441
1564,6
1564,5
1564,4
1564,3
1564,2
1564,1
1563,5
4294967279,196
1563,4
1563,3
1563,2
1563,1
1561,5
1561,4
1561,3
1561,2
1561,1
4294967278,177
4294967279,168
1559,4
1559,3
1559,2
1559,1
0,7
4294967294,437
4294967278,400
4294967278,435
4294967278,313
4294967278,395
4294967279,438
4294967279,440
4294967294,1449
4294967278,439
4294967294,1450
4294967294,459
1558,6
1558,5
1558,4
1558,2
1558,1
4294967279,430
1557,5
1557,4
1557,3
1557,2
1557,1
1556,6
1556,5
1556,4
1556,2
1556,1
4294967279,439
1553,4
1553,3
1553,2
1553,1
4294967278,412
1552,7
1552,6
1552,5
1552,4
4294967279,215
1552,2
1552,1
4294967278,204
4294967279,203
4294967279,202
4294967279,201
4294967278,433
4294967279,433
4294967278,194
1549,6
1549,5
1549,4
4294967278,190
1549,3
1549,2
1549,1
4294967279,432
4294967278,178
4294967279,431
4294967278,169
4294967279,169
4294967278,168
4294967278,167
4294967279,427
4294967279,144
1543,5
1543,4
1543,3
1543,2
1543,1
4294967279,272
4294967278,133
1541,6
1541,5
1541,4
1541,3
1541,2
1541,1
4294967278,434
4294967294,168
4294967294,1005
4294967294,499
1540,5
1540,4
1540,3
1540,2
1540,1
4294967278,411
1538,5
1538,4
1538,3
1538,2
1538,1
4294967294,401
4294967294,996
4294967294,500
1536,4
1536,3
1536,2
1536,1
4294967279,409
4294967294,45
4294967278,229
4294967294,91
4294967294,87
4294967294,85
4294967294,84
4294967294,149
4294967294,53
4294967294,1418
4294967294,9
4294967294,8
4294967294,22
4294967294,41
4294967278,436
4294967278,425
4294967278,92
4294967278,284
4294967278,80
4294967278,75
4294967278,69
4294967278,68
4294967278,66
4294967278,64
4294967278,430
4294967278,429
4294967278,420
4294967278,428
4294967279,408
4294967279,405
4294967279,67
4294967279,51
4294967279,524
4294967294,1444
4294967294,1445
1535,6
1535,5
1535,4
1535,2
1535,1
1534,5
1534,4
1534,3
1534,2
1534,1
1533,6
1533,5
1533,4
1533,3
1533,2
1533,1
4294967278,241
1530,4
1530,3
1530,2
1530,1
4294967278,221
1529,7
4294967279,146
4294967278,145
1529,6
1529,5
1529,4
1529,2
1529,1
4294967279,133
4294967279,258
1526,6
1526,5
1526,4
1526,3
1526,2
1526,1
4294967278,427
4294967278,426
4294967294,1442
4294967294,1441
4294967294,1440
4294967279,515
4294967294,1439
4294967294,510
1520,5
1520,4
1520,3
1520,2
1520,1
1518,6
4294967278,187
1518,5
1518,4
1518,3
1518,2
1518,1
4294967294,509
1517,5
1517,4
1517,3
1517,2
1517,1
4294967278,398
4294967294,508
4294967278,170
1515,5
1515,4
1515,3
1515,2
1515,1
4294967294,507
4294967278,159
1513,4
1513,3
1513,2
1513,1
4294967294,391
4294967279,400
4294967294,1417
4294967278,413
4294967294,1429
4294967294,43
4294967294,51
4294967278,325
4294967278,239
4294967279,429
4294967279,421
4294967279,401
4294967279,404
4294967279,56
4294967294,1438
4294967294,1437
4294967278,346
4294967278,0
1512,6
1512,5
1512,4
1512,2
1512,1
4294967278,423
1511,5
1511,4
1511,3
1511,2
1511,1
1510,6
1510,5
1510,4
1510,2
1510,1
4294967294,197
1507,4
1507,3
1507,2
1507,1
4294967279,428
4294967279,410
1506,7
1506,6
1506,5
1506,4
1506,2
1506,1
4294967279,194
4294967294,413
4294967294,407
4294967294,179
4294967294,403
4294967294,414
4294967294,184
4294967294,112
1503,6
1503,5
1503,4
1503,3
1503,2
1503,1
4294967279,395
4294967278,408
4294967294,1436
4294967279,160
4294967279,426
4294967294,1007
4294967278,154
4294967279,150
4294967279,149
4294967294,1426
4294967279,145
4294967278,140
4294967279,138
4294967279,412
4294967278,287
4294967279,279
4294967278,274
4294967278,402
4294967279,282
4294967278,267
1497,5
1497,4
1497,3
1497,2
1497,1
1495,6
4294967279,253
1495,5
1495,4
1495,3
1495,2
1495,1
1494,5
1494,4
1494,3
1494,2
1494,1
1493,5
1493,4
1493,2
1493,1
4294967278,317
1492,5
1492,4
1492,3
1492,2
1492,1
4294967278,216
1490,4
1490,3
1490,2
1490,1
4294967294,444
4294967294,450
4294967279,422
4294967279,420
4294967279,393
4294967279,539
4294967294,393
4294967294,185
4294967294,1013
1489,6
1489,5
1489,4
1489,2
1489,1
4294967278,397
4294967278,375
1488,5
1488,4
1488,3
1488,2
1488,1
1487,6
1487,5
4294967278,277
1487,4
1487,2
1487,1
4294967279,283
4294967279,261
4294967279,275
1484,4
1484,3
1484,2
1484,1
4294967279,413
1483,7
4294967278,394
4294967279,538
1483,6
1483,5
1483,4
1483,2
1483,1
4294967279,137
4294967279,411
4294967278,392
1480,6
1480,5
1480,4
1480,3
1480,2
1480,1
4294967279,407
4294967278,390
4294967278,388
4294967278,386
4294967294,457
4294967278,385
4294967278,305
4294967278,180
4294967294,506
4294967279,175
4294967278,255
4294967278,252
4294967279,164
1474,5
1474,4
1474,3
1474,2
1474,1
4294967279,158
4294967294,163
4294967278,251
4294967279,571
1472,6
1472,5
4294967278,148
1472,4
1472,3
1472,2
1472,1
1471,5
4294967279,142
1471,4
1471,3
1471,2
1471,1
1470,5
1470,4
4294967278,276
1470,2
1470,1
1469,5
1469,4
1469,3
1469,2
1469,1
4294967279,262
4294967278,265
4294967278,326
4294967278,261
4294967294,17
4294967294,99
1467,4
1467,3
1467,2
1467,1
4294967294,1
4294967278,348
4294967294,202
4294967294,29
4294967294,186
4294967294,0
4294967294,46
4294967278,247
4294967279,295
4294967294,2
4294967294,40
4294967294,37
4294967279,541
4294967294,42
4294967294,67
4294967278,437
4294967294,107
4294967294,50
4294967294,90
4294967294,86
4294967294,419
4294967294,25
4294967294,150
4294967294,128
4294967294,28
4294967294,27
4294967294,1017
4294967294,26
4294967294,52
4294967294,44
4294967294,1421
4294967294,96
4294967294,94
4294967294,93
4294967294,95
4294967294,92
4294967294,88
4294967294,81
4294967294,205
4294967294,82
4294967294,1415
4294967294,83
4294967278,243
4294967294,7
4294967294,6
0,5
4294967294,5
4294967293,131
4294967293,130
4294967293,129
4294967293,128
4294967293,127
4294967293,126
4294967293,125
4294967293,124
4294967293,123
4294967293,122
4294967293,121
4294967293,120
4294967293,119
4294967293,118
4294967293,117
4294967293,116
4294967293,115
4294967293,114
4294967293,113
4294967293,112
4294967293,111
4294967293,110
4294967293,109
4294967293,108
4294967293,107
4294967293,106
4294967293,105
4294967293,104
4294967293,103
4294967293,102
4294967293,101
4294967293,100
4294967293,99
4294967293,98
4294967293,97
4294967293,96
4294967293,95
4294967293,94
4294967293,93
4294967293,92
4294967293,91
4294967293,90
4294967293,89
4294967293,87
4294967293,86
4294967293,85
4294967293,84
4294967293,83
4294967293,82
4294967293,81
4294967293,80
4294967293,79
4294967293,78
4294967293,77
4294967293,76
4294967293,75
4294967293,74
4294967293,73
4294967293,72
4294967293,71
4294967293,70
4294967293,69
4294967293,68
4294967293,67
4294967293,66
4294967293,65
4294967293,64
4294967293,63
4294967293,62
4294967293,61
4294967293,60
4294967293,59
4294967293,58
4294967293,57
4294967293,56
4294967293,55
4294967293,54
4294967293,53
4294967293,52
4294967293,51
4294967293,50
4294967293,49
4294967293,48
4294967293,47
4294967293,46
4294967293,45
4294967293,44
4294967293,43
4294967293,42
4294967293,41
4294967293,40
4294967293,39
4294967293,38
4294967293,37
4294967293,36
4294967293,35
4294967293,34
4294967293,33
4294967293,32
4294967293,31
4294967293,30
4294967293,29
4294967293,28
4294967293,27
4294967293,26
4294967293,25
4294967293,24
4294967293,23
4294967293,22
4294967293,21
4294967293,20
4294967293,19
4294967293,18
4294967293,17
4294967293,16
4294967293,15
4294967293,14
4294967293,13
4294967293,12
4294967293,11
4294967293,10
4294967293,9
4294967293,8
4294967293,7
4294967293,6
4294967293,5
4294967293,4
4294967293,3
4294967278,233
4294967278,293
4294967278,409
4294967278,50
4294967278,49
4294967278,47
4294967278,46
4294967278,38
4294967278,37
4294967278,36
4294967278,34
4294967278,29
4294967278,20
4294967278,15
4294967278,6
4294967279,129
4294967279,125
4294967279,120
4294967279,106
4294967279,104
4294967279,101
4294967279,90
4294967279,87
4294967279,86
4294967279,0
4294967279,388
1466,6
1466,5
1466,4
1466,2
1466,1
1465,5
1465,4
1465,3
1465,2
1465,1
4294967294,127
4294967294,19
1464,6
1464,5
4294967279,172
1464,4
1464,2
1464,1
4294967278,157
1461,4
1461,3
1461,2
1461,1
4294967279,403
4294967278,151
1460,7
4294967278,143
4294967279,141
1460,6
1460,5
1460,4
1460,2
1460,1
4294967278,134
4294967279,317
4294967279,397
1457,6
1457,5
1457,4
1457,3
1457,2
1457,1
4294967279,296
4294967278,235
4294967279,536
4294967278,231
4294967279,156
4294967279,386
4294967294,505
4294967278,227
4294967279,195
1451,5
1451,4
1451,3
1451,2
1451,1
1449,6
4294967278,186
1449,5
1449,4
1449,3
1449,2
1449,1
4294967294,504
1448,5
1448,4
1448,3
1448,2
1448,1
4294967278,164
1446,5
1446,4
1446,3
1446,2
1446,1
4294967278,152
1444,4
1444,3
1444,2
1444,1
4294967278,147
4294967279,314
4294967278,225
4294967294,392
4294967279,301
4294967294,496
4294967279,548
4294967278,272
4294967278,215
4294967278,384
4294967278,45
4294967278,27
4294967278,245
4294967278,13
4294967278,10
4294967278,7
4294967278,5
4294967279,132
4294967279,131
4294967279,123
4294967279,308
4294967279,392
4294967279,113
4294967279,109
4294967279,107
4294967279,306
4294967279,97
4294967279,398
4294967279,310
4294967278,8
1443,6
1443,5
1443,4
1443,3
1443,2
1443,1
4294967278,217
4294967294,191
4294967294,175
1442,5
1442,4
1442,3
1442,2
1442,1
4294967278,220
1441,6
1441,5
1441,4
1441,3
1441,2
1441,1
4294967278,209
1438,4
1438,3
1438,2
1438,1
1437,7
4294967279,187
1437,6
1437,5
1437,4
1437,3
1437,2
1437,1
4294967278,173
4294967278,282
4294967278,162
4294967278,161
1434,6
1434,5
1434,4
4294967279,159
1434,3
1434,2
1434,1
4294967279,153
4294967279,151
4294967278,150
4294967279,147
4294967278,294
4294967278,360
4294967278,296
1428,5
1428,4
1428,3
1428,2
1428,1
4294967294,409
4294967294,386
1426,6
1426,5
1426,4
1426,3
1426,2
1426,1
1425,5
4294967279,229
1425,4
1425,3
1425,2
1425,1
4294967278,213
4294967279,213
1424,5
1424,4
1424,2
1424,1
4294967279,208
4294967278,308
4294967279,207
1423,5
1423,4
1423,3
1423,2
1423,1
4294967279,200
4294967278,431
4294967279,199
4294967278,197
1421,4
1421,3
1421,2
1421,1
4294967279,390
476,3
462,3
4294967294,30
4294967294,143
4294967294,142
4294967294,140
4294967294,139
4294967294,134
4294967294,1018
4294967294,992
4294967294,990
4294967294,989
4294967294,988
4294967294,987
4294967294,60
4294967294,18
4294967294,14
4294967294,126
4294967294,20
4294967294,13
4294967294,1014
4294967294,1006
4294967294,421
4294967294,173
475,2
475,5
475,4
472,4
4294967279,259
477,2
477,6
475,6
471,6
468,6
477,4
477,5
462,5
471,7
476,4
476,5
462,4
4294967278,399
4294967278,307
4294967278,309
4294967278,310
4294967278,48
4294967278,316
4294967278,43
4294967278,40
4294967278,35
4294967278,25
4294967278,24
4294967278,22
4294967278,21
4294967278,19
4294967278,12
4294967278,11
4294967278,9
4294967278,300
4294967278,4
4294967279,130
4294967279,128
4294967279,127
4294967279,126
4294967279,124
4294967279,122
4294967279,121
4294967279,119
4294967279,118
4294967279,117
4294967279,116
4294967279,303
4294967279,105
4294967279,102
4294967279,305
4294967279,95
4294967279,93
4294967279,525
4294967279,300
4294967279,544
4294967279,311
4294967279,385
4294967279,384
4294967278,304
4294967279,291
4294967279,163
4294967294,161
4294967279,143
1420,6
1420,5
1420,4
1420,2
1420,1
4294967278,315
4294967294,119
4294967294,164
4294967294,404
4294967279,134
1419,5
1419,4
1419,3
1419,2
1419,1
1418,6
1418,5
1418,4
1418,2
1418,1
4294967279,304
4294967279,518
1415,4
1415,3
1415,2
1415,1
4294967279,294
1414,7
1414,6
4294967278,218
1414,5
1414,4
1414,2
1414,1
